# Measurment 
# 2017-01-04 15:53
-0.0000054836273200 0.0002734959130000 -0.0000000025038127
-0.0000054836273200 0.0002734959130000 -0.0000000025965490
-0.0000054836273200 0.0002734959130000 -0.0000000024110765
0.0000756233931000 0.0004874765870000 -0.0000000025965490
-0.0000865831971000 0.0000594854355000 -0.0000000026892852
-0.0000054836273200 0.0002734959130000 -0.0000000026892852
-0.0000054836273200 0.0002734959130000 -0.0000000018547255
-0.0000054836273200 0.0002734959130000 -0.0000000024110765
-0.0000054836273200 0.0002734959130000 -0.0000000023183402
-0.0000054836273200 0.0002734959130000 -0.0000000025965490
-0.0000054836273200 0.0002734959130000 -0.0000000024110765
-0.0000054836273200 0.0002734959130000 -0.0000000025038127
-0.0000054836273200 0.0002734959130000 -0.0000000024110765
-0.0000054836273200 0.0002734959130000 -0.0000000025038127
-0.0000054836273200 0.0000594854355000 -0.0000000025038127
-0.0000054836273200 0.0004874765870000 -0.0000000024110765
-0.0000054836273200 0.0017714202400000 -0.0000000026892852
-0.0000054836273200 0.0017714202400000 -0.0000000024110765
-0.0000054836273200 0.0017714202400000 -0.0000000021329343
-0.0000054836273200 0.0017714202400000 -0.0000000025038127
-0.0000054836273200 0.0017714202400000 -0.0000000023183402
0.0029954537700000 1.9214904300000000 0.0000022186468400
0.0031576678200000 1.9244863999999999 0.0000024037274200
0.0032387748400000 1.9274821300000000 0.0000025704482600
0.0034009888800000 1.9302640000000000 0.0000027431035500
0.0035631954700000 1.9332599600000000 0.0000029209513700
0.0037254095100000 1.9358279700000001 0.0000030962955900
0.0039687305700000 1.9381818799999999 0.0000032746070200
0.0040498375900000 1.9407496500000001 0.0000034527329300
0.0042931586500000 1.9431035500000000 0.0000036350318200
0.0043742656700000 1.9454574600000001 0.0000038168668700
0.0046175792800000 1.9478113699999999 0.0000039994438300
0.0046986863000000 1.9499514099999999 0.0000039994438300
0.0048609003400000 1.9520912200000000 0.0000043991490200
0.0051853284200000 1.9555151500000001 0.0000046697218700
0.0053475350100000 1.9574410900000001 0.0000048507263300
0.0055097490500000 1.9595809000000000 0.0000050485246000
0.0056719631000000 1.9615068400000000 0.0000052425903000
0.0057530701200000 1.9634327899999999 0.0000054394563400
0.0058341771400000 1.9653587299999999 0.0000056260582800
0.0060774982000000 1.9672846799999999 0.0000058303880900
0.0062397047900000 1.9689965199999999 0.0000060347165300
0.0064830258500000 1.9709224700000001 0.0000062399799400
0.0066452398900000 1.9728484200000000 0.0000064396435800
0.0067263469100000 1.9745602600000001 0.0000066458392200
0.0069696679700000 1.9764862100000000 0.0000068567001100
0.0070507749900000 1.9781982899999999 0.0000070619621500
0.0072129815800000 1.9799101400000001 0.0000072700240700
0.0074563026400000 1.9822640400000000 0.0000075975108300
0.0076185166800000 1.9841899900000000 0.0000078111697800
0.0077807307200000 1.9859018300000000 0.0000080294948900
0.0079429447700000 1.9871859599999999 0.0000082422211600
0.0081051513600000 1.9891118999999999 0.0000084652110700
0.0083484724200000 1.9906096499999999 0.0000086835352700
0.0084295794400000 1.9921076300000000 0.0000088981278200
0.0085917934800000 1.9938197099999999 0.0000091248502900
0.0087540075200000 1.9955315600000001 0.0000093543703800
0.0089162141100000 1.9970295400000000 0.0000095829582300
0.0090784281500000 1.9985275300000001 0.0000098134123600
0.0092406421900000 2.0000252700000001 0.0000100457310000
0.0094028562300000 2.0017373599999999 0.0000102808508000
0.0095650702700000 2.0028071399999998 0.0000105131694000
0.0098894909000000 2.0051612900000002 0.0000108593185000
0.0099705979200000 2.0064451700000001 0.0000111084310000
0.0102139190000000 2.0079431500000000 0.0000113444839000
0.0103761330000000 2.0096550000000000 0.0000115917319000
0.0104572400000000 2.0109388799999999 0.0000118277840000
0.0107005537000000 2.0128648299999998 0.0000120778295000
0.0107816607000000 2.0139348500000001 0.0000123204118000
0.0109438747000000 2.0152187300000000 0.0000125713941000
0.0111060888000000 2.0165026199999998 0.0000128018464000
0.0112683028000000 2.0180006000000001 0.0000130696199000
0.0114305168000000 2.0194985900000000 0.0000133234007000
0.0115927234000000 2.0207824699999999 0.0000135837099000
0.0118360445000000 2.0220665900000001 0.0000138374890000
0.0119171515000000 2.0235643400000001 0.0000141052624000
0.0121604726000000 2.0248484599999999 0.0000143646412000
0.0123226866000000 2.0267744099999998 0.0000147639694000
0.0124848932000000 2.0280582900000002 0.0000150298765000
0.0126471072000000 2.0295562700000001 0.0000153023157000
0.0128093213000000 2.0308401599999999 0.0000155784874000
0.0129715353000000 2.0319101800000001 0.0000158527928000
0.0132148564000000 2.0331940700000000 0.0000161280313000
0.0132959634000000 2.0346920499999999 0.0000164051344000
0.0134581700000000 2.0357620700000001 0.0000166841055000
0.0136203840000000 2.0372598200000001 0.0000169658761000
0.0137825981000000 2.0383298399999998 0.0000172560412000
0.0139448121000000 2.0393998600000001 0.0000175564710000
0.0141070262000000 2.0408978499999999 0.0000178531682000
0.0142692327000000 2.0421817299999998 0.0000181470677000
0.0144314468000000 2.0430376500000000 0.0000184456312000
0.0146747679000000 2.0451777000000000 0.0000189102702000
0.0148369819000000 2.0464615799999999 0.0000192153639000
0.0149991959000000 2.0475316000000001 0.0000195223256000
0.0151614025000000 2.0488154900000000 0.0000198432808000
0.0152425095000000 2.0498855100000002 0.0000201558396000
0.0154858306000000 2.0511694000000000 0.0000204851913000
0.0156480446000000 2.0520253199999998 0.0000208080128000
0.0158102587000000 2.0535233000000002 0.0000211429669000
0.0159724727000000 2.0548071900000000 0.0000214676529000
0.0161346793000000 2.0556631099999998 0.0000218091354000
0.0162157863000000 2.0569472300000000 0.0000221254249000
0.0164591074000000 2.0580170199999999 0.0000224883679000
0.0166213214000000 2.0593011400000001 0.0000228391800000
0.0167835355000000 2.0603709200000000 0.0000232002531000
0.0170268491000000 2.0622968699999999 0.0000237544627000
0.0171890631000000 2.0633668900000002 0.0000241351318000
0.0173512772000000 2.0644369100000000 0.0000245083356000
0.0175134912000000 2.0652928400000001 0.0000248815395000
0.0176757053000000 2.0665767200000000 0.0000252743375000
0.0178379118000000 2.0678605999999999 0.0000256671356000
0.0180001259000000 2.0689306300000001 0.0000260711295000
0.0181623399000000 2.0702145100000000 0.0000264788559000
0.0183245540000000 2.0710706700000001 0.0000268921794000
0.0184867680000000 2.0721404600000000 0.0000273232308000
0.0185678750000000 2.0734245800000002 0.0000277421532000
0.0188111886000000 2.0742805000000000 0.0000281825342000
0.0189734027000000 2.0755643799999999 0.0000286518371000
0.0191356167000000 2.0766344100000000 0.0000291248743000
0.0192978308000000 2.0774903299999998 0.0000296063063000
0.0194600448000000 2.0794162799999998 0.0000303265933000
0.0196222588000000 2.0804863000000000 0.0000308509443000
0.0199466869000000 2.0811281199999998 0.0000313557030000
0.0200277939000000 2.0824122400000000 0.0000318921848000
0.0201899931000000 2.0832681700000002 0.0000324146713000
0.0204333141000000 2.0845520500000001 0.0000329912727000
0.0205144212000000 2.0854079699999999 0.0000335641416000
0.0207577422000000 2.0866920900000001 0.0000341677987000
0.0208388492000000 2.0877618800000000 0.0000347593268000
0.0210821703000000 2.0888319000000002 0.0000354059048000
0.0210821703000000 2.0896878200000000 0.0000360496815000
0.0214065984000000 2.0909717099999998 0.0000367307839000
0.0214877054000000 2.0918278699999999 0.0000373792245000
0.0216499195000000 2.0926837900000002 0.0000381424288000
0.0218932256000000 2.0943956400000001 0.0000393422779000
0.0220554397000000 2.0954656599999999 0.0000401651960000
0.0221365467000000 2.0963215800000001 0.0000410021057000
0.0223798677000000 2.0976054700000000 0.0000433217538000
0.0225420818000000 2.0984616300000001 0.0000431351837000
0.0226231888000000 2.0993175499999999 0.0000440213989000
0.0228665099000000 2.1003873300000002 0.0000450008956000
0.0230287239000000 2.1014573599999999 0.0000461296513000
0.0231098309000000 2.1025273800000002 0.0000472863903000
0.0233531520000000 2.1033833000000000 0.0000485830533000
0.0235964730000000 2.1044533300000001 0.0000499356975000
0.0236775652000000 2.1055233499999999 0.0000513909508000
0.0238397792000000 2.1061651700000001 0.0000529768004000
0.0240019932000000 2.1074492899999999 0.0000547212403000
0.0240831003000000 2.1087331800000002 0.0000578742874000
0.0244075283000000 2.1098032000000000 0.0000601691099000
